timestamp,caller_id,cpr,name,phone,hits,status,ip_address
"2026-08-24 03:02:37",1,873636083,"مشعل أحمد السبيعي",37191646,139,active,169.81.130.244
"2026-08-24 03:02:37",2,281129371,"عبدالرحمن تركي الخليفة",32036873,129,active,44.1.112.65
"2026-08-24 03:02:37",3,564595580,"إبراهيم حمد آل ثاني",31765841,12,active,139.189.66.177
"2026-08-24 03:02:37",4,472150977,"سعد إبراهيم آل ثاني",31031057,124,active,249.191.239.154
"2026-08-24 03:02:37",5,231866360,"نورة عائشة المناعي",32974917,24,active,170.175.135.235
"2026-08-24 03:02:37",6,663043132,"محمد عائشة الذوادي",33798712,23,active,70.80.150.197
"2026-08-24 03:02:37",7,377285148,"محمد عبدالله الجودر",36749642,127,active,17.219.63.79
"2026-08-24 03:02:37",1,575267420,"ناصر ناصر العتيبي",39430571,136,active,170.28.91.185
"2026-08-24 03:02:37",2,611916304,"لطيفة علي العتيبي",39240239,42,active,185.197.22.151
"2026-08-24 03:02:37",3,114072757,"عبدالرحمن خالد العتيبي",36212565,63,active,245.99.48.108
"2026-08-24 03:02:37",4,123794142,"عائشة علي الشمري",30491880,129,active,251.198.122.168
"2026-08-24 03:02:37",5,762154026,"ريم بدر آل سعود",34147097,35,active,124.118.56.28
"2026-08-24 03:02:37",6,390623569,"فاطمة علي المطيري",36835718,5,active,90.140.9.50
"2026-08-24 03:02:37",7,940772598,"عائشة حصة الحربي",31849334,29,active,65.97.83.146
"2026-08-24 03:04:08",1,025546716,"عبدالله إبراهيم المطيري",31453521,120,active,70.140.78.241
"2026-08-24 03:04:08",2,989268745,"سلمان ياسر الكواري",38342510,61,active,181.210.4.39
"2026-08-24 03:04:08",3,114736190,"إبراهيم جواهر الخليفة",35556276,102,active,157.100.37.167
"2026-08-24 03:04:08",4,056196206,"بدر تركي بوجيري",30808084,137,active,153.24.5.16
"2026-08-24 03:04:08",5,493822527,"عائشة نورة العجمي",35395987,87,active,216.31.144.108
"2026-08-24 03:04:08",6,914156295,"ياسر سلطان القحطاني",32466162,32,active,85.182.197.29
"2026-08-24 03:04:08",7,367281801,"صالح نورة الدوسري",32966643,24,active,87.118.235.173
"2026-08-24 03:04:09",1,371633880,"سعد فهد الصباح",36056663,56,active,67.174.211.220
"2026-08-24 03:04:09",2,212400386,"نورة فهد الجودر",32420622,100,active,65.193.56.66
"2026-08-24 03:04:09",3,262252625,"بدر يوسف الدوسري",31346506,138,active,203.24.141.162
"2026-08-24 03:04:09",4,194902737,"عبدالرحمن صالح آل نهيان",39917214,13,active,43.199.76.56
"2026-08-24 03:04:09",5,695928760,"أحمد سلطان البوديري",31117778,46,active,59.18.220.51
"2026-08-24 03:04:09",6,438807780,"حمد سلطان الذوادي",34774178,134,active,129.119.28.21
"2026-08-24 03:04:09",7,183843469,"جاسم سعد السبيعي",39820424,145,active,114.155.52.6
